210443	30786	10198	3419	11916	35774	63283	87539
558819	113307	8556	30080	10133	51286	33594	11450
347633	220879	4912	26710	9023	11394	15136	2366
1589207	1603311	1533446	1237998	317356	394405	371820	231065
1103064	1770236	801083	973430	976335	164152	385567	142985
77858	30390	5752	8908	6017	2136	3607	1476
709472	69901	6133	9553	2659	2884	2208	1493
139217	22046	17484	11325	6203	2826	7325	2709
717828	135842	36860	12177	27287	14353	23829	10998
1171253	130348	29518	25653	20793	8490	5090	14256
657151	97627	94024	18981	21318	10438	16168	6819
741145	39018	35110	13141	9673	8466	10713	4321
354400	29173	6469	20506	9579	6422	11334	4554
1454982	257741	151324	17542	25612	21363	14267	9109
1264506	88956	15159	7924	12325	8711	13878	15823
1409200	78475	10405	35274	9036	8601	13557	4807
765690	197682	4935	9266	10246	18852	10605	4755
1088149	245639	28359	53648	22906	61721	60725	11558
547261	52573	49176	22346	4716	13546	7958	3562
2192300	347627	11169	93494	36875	16818	96890	21977
92420	45935	11850	7411	17492	44705	21213	12038
1025009	347905	43536	15208	33878	54331	103960	8366
683451	35663	2634	4746	9984	3921	3732	530
1133148	565159	16179	24275	102071	61534	41369	10677
999238	30016	6390	8317	4052	5704	4953	824
671086	1073915	183820	27090	199244	70611	92323	92936
609201	496165	18902	12306	9869	15421	16412	3235
746561	110214	26602	8020	3979	11865	13303	8432
607236	28028	2670	1891	3013	2218	794	549
605220	100217	37522	71987	29284	30929	32620	13383
30321	105606	25961	7113	11145	8825	3478	2495
1006704	268435	97792	87935	18652	27091	24036	30191
428272	111715	48686	10208	30885	18886	25543	10221
1001785	344314	9909	8006	36531	53250	16693	9548
76273	24149	3819	4167	1836	3943	1769	606
660672	194702	28317	27502	82075	31134	29638	10850
704012	39127	47789	4412	16251	7613	13301	2927
102507	22651	37715	3586	6910	19179	13843	2932
512660	214651	11511	37290	45612	48318	15270	7149
73012	38348	8872	3695	3342	5206	8452	4150
94609	44276	49516	20174	29222	34138	18457	3186
145799	22180	1136	5855	4570	7042	7907	6849
225207	88071	3133	9551	2591	7579	13994	1715
213372	127784	18337	12921	15098	9175	5247	9673
127621	72351	4514	15402	13843	17154	39042	11972
349829	94758	20521	8433	49554	20479	13133	1833
102990	21185	23408	7643	27000	43844	11430	6338
44666	43117	7805	7927	11074	34314	9688	6087
25874	18721	47503	7252	9396	23142	8093	8535
886652	80832	8577	23799	24753	17563	4527	2102
268078	48635	1962	13832	2266	5961	2354	1375
706216	146977	5796	16466	32758	8133	3652	2913
1540505	464940	116132	82237	45739	75536	25000	22131
296362	173671	67499	7561	20519	8143	9403	4049
389806	44554	9039	3257	11356	6302	8249	2737
148225	44132	18629	36531	22483	25633	15099	8405
1128552	388324	150468	14571	41500	28422	32662	19703
321541	83799	19276	88206	22197	34314	22262	15056
257575	73751	4390	17115	58830	32252	30339	15142
930687	44826	19805	16741	84717	28826	21829	10155 -n10
558819	113307	8556	30080	10133	51286	33594	11450
347633	220879	4912	26710	9023	11394	15136	2366
1589207	1603311	1533446	1237998	317356	394405	371820	231065
1103064	1770236	801083	973430	976335	164152	385567	142985
77858	30390	5752	8908	6017	2136	3607	1476
709472	69901	6133	9553	2659	2884	2208	1493
139217	22046	17484	11325	6203	2826	7325	2709
717828	135842	36860	12177	27287	14353	23829	10998
1171253	130348	29518	25653	20793	8490	5090	14256
657151	97627	94024	18981	21318	10438	16168	6819
741145	39018	35110	13141	9673	8466	10713	4321
354400	29173	6469	20506	9579	6422	11334	4554
1454982	257741	151324	17542	25612	21363	14267	9109
1264506	88956	15159	7924	12325	8711	13878	15823
1409200	78475	10405	35274	9036	8601	13557	4807
765690	197682	4935	9266	10246	18852	10605	4755
1088149	245639	28359	53648	22906	61721	60725	11558
547261	52573	49176	22346	4716	13546	7958	3562
2192300	347627	11169	93494	36875	16818	96890	21977
92420	45935	11850	7411	17492	44705	21213	12038
1025009	347905	43536	15208	33878	54331	103960	8366
683451	35663	2634	4746	9984	3921	3732	530
1133148	565159	16179	24275	102071	61534	41369	10677
999238	30016	6390	8317	4052	5704	4953	824
671086	1073915	183820	27090	199244	70611	92323	92936
609201	496165	18902	12306	9869	15421	16412	3235
746561	110214	26602	8020	3979	11865	13303	8432
607236	28028	2670	1891	3013	2218	794	549
605220	100217	37522	71987	29284	30929	32620	13383
30321	105606	25961	7113	11145	8825	3478	2495
1006704	268435	97792	87935	18652	27091	24036	30191
428272	111715	48686	10208	30885	18886	25543	10221
1001785	344314	9909	8006	36531	53250	16693	9548
76273	24149	3819	4167	1836	3943	1769	606
660672	194702	28317	27502	82075	31134	29638	10850
704012	39127	47789	4412	16251	7613	13301	2927
102507	22651	37715	3586	6910	19179	13843	2932
512660	214651	11511	37290	45612	48318	15270	7149
73012	38348	8872	3695	3342	5206	8452	4150
94609	44276	49516	20174	29222	34138	18457	3186
145799	22180	1136	5855	4570	7042	7907	6849
225207	88071	3133	9551	2591	7579	13994	1715
213372	127784	18337	12921	15098	9175	5247	9673
127621	72351	4514	15402	13843	17154	39042	11972
349829	94758	20521	8433	49554	20479	13133	1833
102990	21185	23408	7643	27000	43844	11430	6338
44666	43117	7805	7927	11074	34314	9688	6087
25874	18721	47503	7252	9396	23142	8093	8535
886652	80832	8577	23799	24753	17563	4527	2102
268078	48635	1962	13832	2266	5961	2354	1375
706216	146977	5796	16466	32758	8133	3652	2913
1540505	464940	116132	82237	45739	75536	25000	22131
296362	173671	67499	7561	20519	8143	9403	4049
389806	44554	9039	3257	11356	6302	8249	2737
148225	44132	18629	36531	22483	25633	15099	8405
1128552	388324	150468	14571	41500	28422	32662	19703
321541	83799	19276	88206	22197	34314	22262	15056
257575	73751	4390	17115	58830	32252	30339	15142
930687	44826	19805	16741	84717	28826	21829	10155
35272	16235	2381	7036	13683	8344	7001	3488 -n10
347633	220879	4912	26710	9023	11394	15136	2366
1589207	1603311	1533446	1237998	317356	394405	371820	231065
1103064	1770236	801083	973430	976335	164152	385567	142985
77858	30390	5752	8908	6017	2136	3607	1476
709472	69901	6133	9553	2659	2884	2208	1493
139217	22046	17484	11325	6203	2826	7325	2709
717828	135842	36860	12177	27287	14353	23829	10998
1171253	130348	29518	25653	20793	8490	5090	14256
657151	97627	94024	18981	21318	10438	16168	6819
741145	39018	35110	13141	9673	8466	10713	4321
354400	29173	6469	20506	9579	6422	11334	4554
1454982	257741	151324	17542	25612	21363	14267	9109
1264506	88956	15159	7924	12325	8711	13878	15823
1409200	78475	10405	35274	9036	8601	13557	4807
765690	197682	4935	9266	10246	18852	10605	4755
1088149	245639	28359	53648	22906	61721	60725	11558
547261	52573	49176	22346	4716	13546	7958	3562
2192300	347627	11169	93494	36875	16818	96890	21977
92420	45935	11850	7411	17492	44705	21213	12038
1025009	347905	43536	15208	33878	54331	103960	8366
683451	35663	2634	4746	9984	3921	3732	530
1133148	565159	16179	24275	102071	61534	41369	10677
999238	30016	6390	8317	4052	5704	4953	824
671086	1073915	183820	27090	199244	70611	92323	92936
609201	496165	18902	12306	9869	15421	16412	3235
746561	110214	26602	8020	3979	11865	13303	8432
607236	28028	2670	1891	3013	2218	794	549
605220	100217	37522	71987	29284	30929	32620	13383
30321	105606	25961	7113	11145	8825	3478	2495
1006704	268435	97792	87935	18652	27091	24036	30191
428272	111715	48686	10208	30885	18886	25543	10221
1001785	344314	9909	8006	36531	53250	16693	9548
76273	24149	3819	4167	1836	3943	1769	606
660672	194702	28317	27502	82075	31134	29638	10850
704012	39127	47789	4412	16251	7613	13301	2927
102507	22651	37715	3586	6910	19179	13843	2932
512660	214651	11511	37290	45612	48318	15270	7149
73012	38348	8872	3695	3342	5206	8452	4150
94609	44276	49516	20174	29222	34138	18457	3186
145799	22180	1136	5855	4570	7042	7907	6849
225207	88071	3133	9551	2591	7579	13994	1715
213372	127784	18337	12921	15098	9175	5247	9673
127621	72351	4514	15402	13843	17154	39042	11972
349829	94758	20521	8433	49554	20479	13133	1833
102990	21185	23408	7643	27000	43844	11430	6338
44666	43117	7805	7927	11074	34314	9688	6087
25874	18721	47503	7252	9396	23142	8093	8535
886652	80832	8577	23799	24753	17563	4527	2102
268078	48635	1962	13832	2266	5961	2354	1375
706216	146977	5796	16466	32758	8133	3652	2913
1540505	464940	116132	82237	45739	75536	25000	22131
296362	173671	67499	7561	20519	8143	9403	4049
389806	44554	9039	3257	11356	6302	8249	2737
148225	44132	18629	36531	22483	25633	15099	8405
1128552	388324	150468	14571	41500	28422	32662	19703
321541	83799	19276	88206	22197	34314	22262	15056
257575	73751	4390	17115	58830	32252	30339	15142
930687	44826	19805	16741	84717	28826	21829	10155
35272	16235	2381	7036	13683	8344	7001	3488
613173	62126	11020	5935	2748	3548	2519	1575 -n10
