2019-11-21 18:27:10.681132
Time,Signal,Attention,Meditation,Delta,Theta,Low Alpha,High Alpha,Low Beta,High Beta,Low Gamma,Mid Gamma
2,25,0,0,37434,1626,1311,729,327,711,623,147
3,0,0,0,31426,3805,877,347,674,1851,666,333
4,0,0,0,229236,139860,21329,9552,6744,8323,3196,1115
5,0,0,0,1679999,296626,47829,66008,28083,27795,9871,8844
6,51,30,30,1043180,330143,18030,27600,31913,21743,10534,3630
7,0,29,27,731744,53677,8015,5784,4454,5557,4321,1668
8,0,37,35,140601,54910,32175,8109,18855,20357,8658,2109
9,0,43,35,85626,5023,1510,1470,800,942,1127,164
10,0,40,37,1776904,575150,41044,23695,43185,43384,16790,13738
11,0,40,29,178554,34451,3182,4681,1527,1731,973,1036
12,0,37,26,178089,70331,17347,10206,3891,12616,2934,715
13,0,29,21,70121,64010,15091,4539,5540,6838,1655,718
14,0,53,35,3530551,72168,16790,56820,7147,28935,5280,5400
15,0,64,48,121010,24658,21741,1700,6840,6900,4250,956
16,0,70,56,1805483,69381,43303,24369,17825,38219,40168,4878
17,0,78,63,202932,45185,19792,6883,4396,11275,3967,991
18,0,66,63,849508,99046,25926,6405,12137,28427,8166,9236
19,0,61,61,638362,57861,20469,6246,3587,12149,9583,2300
20,0,53,53,675655,59366,21742,1302,5776,9475,1785,1989
21,0,50,40,424457,69343,23007,4838,8814,4236,7891,2128
22,0,48,37,367045,127910,32439,1437,15901,26079,19553,9076
23,0,47,48,1253212,64966,17117,16708,9120,38484,21794,7355
24,0,40,50,1936621,229139,34015,14809,19848,33661,12668,3620
25,0,35,69,565564,68082,19860,3462,14002,27332,16848,3676
26,0,48,77,189406,28615,23486,14188,10473,20618,8052,6771
27,0,38,70,755698,118564,6902,19028,11704,40252,11744,2848
28,0,44,69,476713,64580,18305,2935,4246,9145,4938,799
29,0,48,67,426569,78829,31235,6588,18992,26951,16557,4643
30,0,34,54,481811,84000,10560,7305,8324,8630,3884,1327
31,0,43,63,27326,10414,4045,3657,3235,11485,3490,1364
32,0,48,87,14648,10581,3840,13834,5346,24163,13188,3172
33,0,43,96,523924,59118,14349,13051,24127,51412,17661,5034
34,0,38,100,357931,7950,1177,1059,4525,7832,4365,1977
35,0,30,100,244223,32877,3071,5090,1992,12137,4181,1564
36,0,14,91,732206,420069,18689,41789,27636,61275,20358,3911
37,0,10,64,1244513,490880,67030,10615,25082,30286,8819,11437
38,0,35,48,59222,3170,3726,973,506,1505,1947,314
39,0,48,44,70232,26687,16423,5986,3034,9716,3452,953
40,0,53,37,225880,115383,9700,12417,4060,8025,3077,2728
41,0,53,66,352856,37614,2008,9480,4956,40676,20590,6265
42,0,37,80,378821,33535,19484,3206,36235,31020,19889,9596
43,0,27,94,997539,52964,34420,3789,11407,80062,71128,33320
44,0,24,100,139714,74479,11184,1508,5807,11875,4198,2189
45,0,23,87,59521,23445,3468,354,4324,4923,3342,1758
46,0,27,77,648036,42748,15982,5820,6515,14855,5650,2357
47,0,41,66,41726,2499,2946,1370,796,2051,1303,723
48,0,53,70,118639,27478,10573,4028,4834,10103,4184,1112
49,0,63,66,1411057,233414,52675,15188,16338,31951,18172,7081
50,0,43,74,253029,39044,666,4046,14556,16923,7808,3845
51,0,16,64,1463058,125680,6199,8048,14152,23656,32604,6075
52,0,8,66,105219,26147,4925,1816,5760,8197,7990,1075
53,0,1,88,342587,47536,6065,3282,10879,48487,13788,8191
54,0,1,97,3974,23948,4015,1401,21605,31760,7308,2660
55,0,1,93,2181229,260112,3944,4981,10857,35191,14924,4777
56,0,1,100,92542,7184,5881,380,1142,10308,1760,661
57,0,16,90,381826,95916,36627,10610,16290,32101,11953,2236
58,0,27,69,377063,209987,14509,18371,42919,38283,5058,5754
59,0,40,53,406393,709455,30157,28091,35021,21993,12593,7866
60,0,35,40,1027866,93750,24496,6645,32362,25840,7335,6622
